jatek_alap.png
13 15
0 0 0 0 0 0 0 0 0 0 0 0 0 0 0
0 0 0 0 0 2 0 0 0 2 0 0 0 0 0
0 2 1 1 1 1 1 1 1 1 1 1 1 2 0
0 0 1 2 0 0 0 2 0 0 0 2 1 0 0
0 0 1 0 0 0 0 0 0 0 0 0 1 0 0
0 0 1 2 0 0 0 0 0 0 0 2 1 0 0
0 0 1 0 0 0 0 0 0 0 0 0 1 0 0
0 2 1 0 0 0 0 0 0 0 0 0 1 2 0
0 0 1 0 0 0 0 0 0 0 0 0 1 0 0
0 0 1 2 0 0 0 0 0 0 0 2 1 0 0
0 0 1 1 1 1 2 0 2 1 1 1 1 0 0
0 0 0 0 2 1 0 0 0 1 2 0 0 0 0
0 0 0 0 0 1 0 0 0 3 0 0 0 0 0
13 6 12 6 11 6 11 5 11 4 11 3 10 3 9 3 8 3 7 3 6 3 5 3 4 3 3 3 3 4 3 5 3 6 3 7 3 8 3 9 3 10 3 11 3 12 3 13 4 13 5 13 6 13 7 13 8 13 9 13 10 13 11 13 11 12 11 11 11 10 12 10
4
electric 10 500
ice 50 400
bubble 80 600
gold 150 300

