jatek_alap.png
13 15
0 0 0 0 0 0 0 0 0 0 0 0 0 3 0
1 1 1 0 0 1 1 1 1 0 0 0 2 1 0
0 2 1 0 0 1 2 2 1 2 0 0 0 1 2
0 0 1 2 0 1 0 0 1 2 0 0 0 1 0
0 0 1 0 0 1 2 0 1 1 1 1 2 1 0
0 0 1 2 0 1 1 1 2 0 2 1 0 1 2
0 0 1 1 1 0 0 1 1 0 0 1 2 1 0
0 0 0 0 1 2 0 0 1 0 0 1 0 1 0
0 0 0 0 1 0 0 2 1 0 2 1 0 1 2
0 1 1 1 1 0 0 0 1 2 0 1 2 1 0
0 1 2 0 2 0 0 2 1 0 0 1 1 1 0
0 1 1 1 1 1 1 1 1 0 0 0 0 0 0
0 0 0 0 0 0 0 0 0 0 0 0 0 0 0
2 1 2 2 2 3 3 3 4 3 5 3 6 3 7 3 7 4 7 5 8 5 9 5 10 5 10 4 10 3 10 2 11 2 12 2 12 3 12 4 12 5 12 6 12 7 12 8 12 9 11 9 10 9 9 9 8 9 7 9 7 8 6 8 6 7 6 6 5 6 4 6 3 6 2 6 2 7 2 8 2 9 3 9 4 9 5 9 5 10 5 11 5 12 6 12 7 12 8 12 9 12 10 12 11 12 11 13 11 14 10 14 9 14 8 14 7 14 6 14 5 14 4 14 3 14 2 14 
4
electric 10 500
ice 50 400
bubble 80 600
gold 150 300

