jatek_alap.png
13 15
0 1 0 0 0 0 0 0 0 0 0 0 0 0 0
0 1 2 0 0 0 0 0 0 1 1 1 0 0 0
2 1 0 0 0 0 0 0 0 1 2 1 0 0 0
0 1 2 0 0 0 0 0 0 1 0 1 2 0 0
0 1 1 1 1 1 1 1 0 1 2 1 0 0 0
0 0 0 2 0 0 2 1 2 1 0 1 2 0 0
0 0 0 0 0 2 2 1 0 1 0 1 1 1 0
0 0 1 1 1 1 1 1 0 1 0 0 2 1 0
0 0 1 2 0 0 0 0 2 1 0 0 0 1 2
0 2 1 0 0 0 0 1 1 1 0 0 2 1 0
0 0 1 2 0 0 2 1 2 0 2 1 1 1 0
0 0 1 1 1 1 1 1 0 0 0 1 2 0 0
0 0 0 0 0 0 0 0 0 0 0 3 0 0 0
0 1 1 1 2 1 3 1 4 1 4 2 4 3 4 4 4 5 4 6 4 7 5 7 6 7 7 7 7 6 7 5 7 4 7 3 7 2 8 2 9 2 10 2 11 2 11 3 11 4 11 5 11 6 11 7 10 7 9 7 9 8 9 9 8 9 7 9 6 9 5 9 4 9 3 9 2 9 1 9 1 10 1 11 2 11 3 11 4 11 5 11 6 11 6 12 6 13 7 13 8 13 9 13 10 13 10 12 10 11 11 11 
4
electric 10 500
ice 50 400
bubble 80 600
gold 150 300

