jatek_alap.png
13 15
0 0 0 0 0 0 0 0 0 0 0 0 0 0 0
0 0 0 0 0 2 0 0 0 2 0 0 0 0 0
0 2 1 1 1 1 1 1 1 1 1 1 1 2 0
0 0 1 2 0 0 0 2 0 0 0 2 1 0 0
0 0 1 0 0 0 0 0 0 0 0 0 1 0 0
0 0 1 2 0 0 0 0 0 0 0 2 1 0 0
0 0 1 0 0 0 0 0 0 0 0 0 1 0 0
0 2 1 0 0 0 0 0 0 0 0 0 1 2 0
0 0 1 0 0 0 0 0 0 0 0 0 1 0 0
0 0 1 2 0 0 0 0 0 0 0 2 1 0 0
0 0 1 1 1 1 2 0 2 1 1 1 1 0 0
0 0 0 0 2 1 0 0 0 1 2 0 0 0 0
0 0 0 0 0 1 0 0 0 3 0 0 0 0 0
12 5 11 5 10 5 10 4 10 3 10 2 9 2 8 2 7 2 6 2 5 2 4 2 3 2 2 2 2 3 2 4 2 5 2 6 2 7 2 8 2 9 2 10 2 11 2 12 3 12 4 12 5 12 6 12 7 12 8 12 9 12 10 12 10 11 10 10 10 9 11 9
4
electric 10 500
ice 50 400
bubble 80 600
gold 150 300

